tensor([[[[-0.1373, -0.1650, -0.0016,  ...,  0.0903,  0.0923,  0.0348],
          [-0.1807, -0.2480, -0.3259,  ...,  0.0418,  0.0941,  0.0961],
          [-0.1482, -0.1578, -0.1207,  ...,  0.1714,  0.1372,  0.0740],
          ...,
          [ 0.2235,  0.2690,  0.2690,  ...,  0.1643,  0.1439,  0.1211],
          [ 0.1340,  0.1769,  0.1220,  ...,  0.1033,  0.0066,  0.0124],
          [ 0.0629,  0.1276,  0.1018,  ..., -0.0729, -0.0481,  0.0124]],

         [[ 0.0615,  0.1198,  0.0396,  ...,  0.1497,  0.1429,  0.0034],
          [ 0.0407,  0.1045,  0.0763,  ...,  0.0283,  0.1221, -0.0335],
          [ 0.0229,  0.1272,  0.0316,  ...,  0.0320,  0.1440, -0.0315],
          ...,
          [ 0.1510,  0.2615,  0.2615,  ..., -0.1355,  0.0444,  0.0588],
          [ 0.0424,  0.1204, -0.0763,  ..., -0.1564, -0.0955,  0.0482],
          [ 0.0953,  0.1854,  0.0793,  ..., -0.0950,  0.1035,  0.0482]],

         [[-0.0705, -0.0302, -0.0718,  ...,  0.0812,  0.0423,  0.0784],
          [-0.1233, -0.1426, -0.1985,  ...,  0.1134,  0.1128,  0.1680],
          [ 0.0092, -0.1041,  0.0876,  ...,  0.1343,  0.1436,  0.1554],
          ...,
          [-0.0502, -0.0427, -0.0427,  ...,  0.2482,  0.3191,  0.1138],
          [-0.0651, -0.1045, -0.1494,  ...,  0.1203,  0.0686,  0.0582],
          [-0.0260, -0.0774, -0.0899,  ...,  0.1665,  0.0871,  0.0582]],

         ...,

         [[-0.0462, -0.0679,  0.0623,  ..., -0.1232, -0.2072, -0.0509],
          [-0.0391, -0.0833, -0.1053,  ..., -0.0986, -0.2039, -0.0089],
          [-0.0158, -0.0179, -0.0836,  ..., -0.1641, -0.2354,  0.0271],
          ...,
          [ 0.0923, -0.0854, -0.0854,  ..., -0.1300, -0.0453,  0.1340],
          [ 0.0016, -0.0340, -0.0703,  ..., -0.1737, -0.0939,  0.0703],
          [ 0.0925,  0.0080,  0.0123,  ..., -0.0199,  0.0924,  0.0703]],

         [[ 0.1204,  0.0088,  0.0224,  ...,  0.1458,  0.1041,  0.1112],
          [ 0.1466,  0.0697,  0.0271,  ...,  0.2708,  0.1526,  0.1407],
          [ 0.0183,  0.0491, -0.2517,  ...,  0.3545,  0.2271,  0.1364],
          ...,
          [ 0.0605,  0.1333,  0.1333,  ...,  0.0809,  0.0936,  0.1093],
          [ 0.1373,  0.1211,  0.1809,  ..., -0.0640,  0.0049,  0.1082],
          [ 0.0443,  0.1014,  0.1528,  ...,  0.0380,  0.1832,  0.1082]],

         [[ 0.0387,  0.0354, -0.0407,  ..., -0.0500, -0.0402, -0.0413],
          [ 0.0769,  0.0996,  0.1326,  ..., -0.1183, -0.1783, -0.0818],
          [ 0.0382,  0.1710, -0.1799,  ..., -0.1156, -0.2040, -0.0380],
          ...,
          [-0.2091, -0.1810, -0.1810,  ...,  0.1544,  0.2245, -0.0127],
          [-0.0699, -0.1255, -0.3052,  ...,  0.2505,  0.2388,  0.0627],
          [-0.0594, -0.0031, -0.0876,  ...,  0.2549,  0.1036,  0.0627]]]],
       device='cuda:0')
